fff
fff
7ff
555
3ff
333
2aa
249
1ff
1c7
199
174
155
13b
124
111
 ff
 f0
 e3
 d7
 cc
 c3
 ba
 b2
 aa
 a3
 9d
 97
 92
 8d
 88
 84
 7f
 7c
 78
 75
 71
 6e
 6b
 69
 66
 63
 61
 5f
 5d
 5b
 59
 57
 55
 53
 51
 50
 4e
 4d
 4b
 4a
 49
 47
 46
 45
 44
 43
 42
 41
 3f
 3f
 3e
 3d
 3c
 3b
 3a
 39
 38
 38
 37
 36
 35
 35
 34
 33
 33
 32
 31
 31
 30
 30
 2f
 2f
 2e
 2e
 2d
 2d
 2c
 2c
 2b
 2b
 2a
 2a
 29
 29
 28
 28
 28
 27
 27
 27
 26
 26
 25
 25
 25
 24
 24
 24
 23
 23
 23
 23
 22
 22
 22
 21
 21
 21
 21
 20
 20
 20
 1f
 1f
 1f
 1f
 1f
 1e
 1e
 1e
 1e
 1d
 1d
 1d
 1d
 1d
 1c
 1c
 1c
 1c
 1c
 1b
 1b
 1b
 1b
 1b
 1a
 1a
 1a
 1a
 1a
 1a
 19
 19
 19
 19
 19
 19
 18
 18
 18
 18
 18
 18
 18
 17
 17
 17
 17
 17
 17
 17
 17
 16
 16
 16
 16
 16
 16
 16
 16
 15
 15
 15
 15
 15
 15
 15
 15
 15
 14
 14
 14
 14
 14
 14
 14
 14
 14
 13
 13
 13
 13
 13
 13
 13
 13
 13
 13
 13
 12
 12
 12
 12
 12
 12
 12
 12
 12
 12
 12
 12
 11
 11
 11
 11
 11
 11
 11
 11
 11
 11
 11
 11
 11
 10
 10
 10
 10
 10
 10
 10
 10
 10
 10
 10
 10
 10
 10
 10
  f
  f
  f
  f
  f
  f
  f
  f
  f
  f
  f
  f
  f
  f
  f
  f
  f
  f
  e
  e
  e
  e
  e
  e
  e
  e
  e
  e
  e
  e
  e
  e
  e
  e
  e
  e
  e
  d
  d
  d
  d
  d
  d
  d
  d
  d
  d
  d
  d
  d
  d
  d
  d
  d
  d
  d
  d
  d
  d
  d
  c
  c
  c
  c
  c
  c
  c
  c
  c
  c
  c
  c
  c
  c
  c
  c
  c
  c
  c
  c
  c
  c
  c
  c
  c
  c
  b
  b
  b
  b
  b
  b
  b
  b
  b
  b
  b
  b
  b
  b
  b
  b
  b
  b
  b
  b
  b
  b
  b
  b
  b
  b
  b
  b
  b
  b
  b
  a
  a
  a
  a
  a
  a
  a
  a
  a
  a
  a
  a
  a
  a
  a
  a
  a
  a
  a
  a
  a
  a
  a
  a
  a
  a
  a
  a
  a
  a
  a
  a
  a
  a
  a
  a
  a
  9
  9
  9
  9
  9
  9
  9
  9
  9
  9
  9
  9
  9
  9
  9
  9
  9
  9
  9
  9
  9
  9
  9
  9
  9
  9
  9
  9
  9
  9
  9
  9
  9
  9
  9
  9
  9
  9
  9
  9
  9
  9
  9
  9
  9
  9
  8
  8
  8
  8
  8
  8
  8
  8
  8
  8
  8
  8
  8
  8
  8
  8
  8
  8
  8
  8
  8
  8
  8
  8
  8
  8
  8
  8
  8
  8
  8
  8
  8
  8
  8
  8
  8
  8
  8
  8
  8
  8
  8
  8
  8
  8
  8
  8
  8
  8
  8
  8
  8
  8
  8
  8
  7
  7
  7
  7
  7
  7
  7
  7
  7
  7
  7
  7
  7
  7
  7
  7
  7
  7
  7
  7
  7
  7
  7
  7
  7
  7
  7
  7
  7
  7
  7
  7
  7
  7
  7
  7
  7
  7
  7
  7
  7
  7
  7
  7
  7
  7
  7
  7
  7
  7
  7
  7
  7
  7
  7
  7
  7
  7
  7
  7
  7
  7
  7
  7
  7
  7
  7
  7
  7
  7
  7
  7
  7
  7
  6
  6
  6
  6
  6
  6
  6
  6
  6
  6
  6
  6
  6
  6
  6
  6
  6
  6
  6
  6
  6
  6
  6
  6
  6
  6
  6
  6
  6
  6
  6
  6
  6
  6
  6
  6
  6
  6
  6
  6
  6
  6
  6
  6
  6
  6
  6
  6
  6
  6
  6
  6
  6
  6
  6
  6
  6
  6
  6
  6
  6
  6
  6
  6
  6
  6
  6
  6
  6
  6
  6
  6
  6
  6
  6
  6
  6
  6
  6
  6
  6
  6
  6
  6
  6
  6
  6
  6
  6
  6
  6
  6
  6
  6
  6
  6
  6
  5
  5
  5
  5
  5
  5
  5
  5
  5
  5
  5
  5
  5
  5
  5
  5
  5
  5
  5
  5
  5
  5
  5
  5
  5
  5
  5
  5
  5
  5
  5
  5
  5
  5
  5
  5
  5
  5
  5
  5
  5
  5
  5
  5
  5
  5
  5
  5
  5
  5
  5
  5
  5
  5
  5
  5
  5
  5
  5
  5
  5
  5
  5
  5
  5
  5
  5
  5
  5
  5
  5
  5
  5
  5
  5
  5
  5
  5
  5
  5
  5
  5
  5
  5
  5
  5
  5
  5
  5
  5
  5
  5
  5
  5
  5
  5
  5
  5
  5
  5
  5
  5
  5
  5
  5
  5
  5
  5
  5
  5
  5
  5
  5
  5
  5
  5
  5
  5
  5
  5
  5
  5
  5
  5
  5
  5
  5
  5
  5
  5
  5
  5
  5
  5
  5
  5
  5
  4
  4
  4
  4
  4
  4
  4
  4
  4
  4
  4
  4
  4
  4
  4
  4
  4
  4
  4
  4
  4
  4
  4
  4
  4
  4
  4
  4
  4
  4
  4
  4
  4
  4
  4
  4
  4
  4
  4
  4
  4
  4
  4
  4
  4
  4
  4
  4
  4
  4
  4
  4
  4
  4
  4
  4
  4
  4
  4
  4
  4
  4
  4
  4
  4
  4
  4
  4
  4
  4
  4
  4
  4
  4
  4
  4
  4
  4
  4
  4
  4
  4
  4
  4
  4
  4
  4
  4
  4
  4
  4
  4
  4
  4
  4
  4
  4
  4
  4
  4
  4
  4
  4
  4
  4
  4
  4
  4
  4
  4
  4
  4
  4
  4
  4
  4
  4
  4
  4
  4
  4
  4
  4
  4
  4
  4
  4
  4
  4
  4
  4
  4
  4
  4
  4
  4
  4
  4
  4
  4
  4
  4
  4
  4
  4
  4
  4
  4
  4
  4
  4
  4
  4
  4
  4
  4
  4
  4
  4
  4
  4
  4
  4
  4
  4
  4
  4
  4
  4
  4
  4
  4
  4
  4
  4
  4
  4
  4
  4
  4
  4
  4
  4
  4
  4
  4
  4
  4
  4
  4
  4
  4
  4
  4
  4
  4
  4
  4
  4
  4
  4
  4
  4
  4
